Action: 0.8943100069205762 (27414)
Adult: 0.9898284976534013 (2378)
Adventure: 0.8984274589854087 (19633)
Animation: 0.9390727590999761 (16797)
Biography: 0.8096347215195027 (14174)
Comedy: 0.8102017435199562 (80460)
Crime: 0.8964646905222999 (20496)
Documentary: 0.8568516612290711 (69574)
Drama: 0.7538368488697361 (133760)
Family: 0.9120156323603817 (22241)
Fantasy: 0.9184069880372897 (16394)
History: 0.8333507801641166 (13258)
Horror: 0.9239928816930405 (21226)
Music: 0.8920709969700671 (13813)
Musical: 0.9597065443062268 (6357)
Mystery: 0.9093288204197707 (14990)
News: 0.9025478188553716 (5403)
Reality-TV: 0.9856965065629162 (2935)
Romance: 0.8169711138638333 (31853)
Sci-Fi: 0.9383748858686486 (15392)
Short: 0.7912864711458497 (138149)
Sport: 0.9671069083634292 (6618)
Talk-Show: 0.9924629691016627 (1210)
Thriller: 0.848648742955842 (31126)
War: 0.9421346779024257 (8026)
Western: 0.9718408151159342 (7963)