Action: 0.8939124171122684 (27414)
Adult: 0.9900549244679646 (2378)
Adventure: 0.8978916091329718 (19633)
Animation: 0.9394175276147213 (16797)
Biography: 0.8086996174747525 (14174)
Comedy: 0.8095854959903105 (80460)
Crime: 0.8968866453087649 (20496)
Documentary: 0.8564963940387638 (69574)
Drama: 0.7546610280257108 (133760)
Family: 0.9112988721749915 (22241)
Fantasy: 0.9186792567914932 (16394)
Film-Noir: 0.9948386684519781 (790)
Game-Show: 0.994527884841602 (839)
Hardcore: 0.9974730678408672 (1)
History: 0.8336901051726592 (13258)
Horror: 0.9240090504834573 (21226)
Lifestyle: 0.9974527362028052 (1)
Music: 0.8917427408790819 (13813)
Musical: 0.9598595374261889 (6357)
Mystery: 0.9077146948366352 (14990)
News: 0.9037732615723327 (5403)
Reality-TV: 0.9855122556209718 (2935)
Romance: 0.8177297692939984 (31853)
Sci-Fi: 0.93863040276975 (15392)
Sex: 0.9974730678408672 (1)
Short: 0.7910459465975004 (138149)
Sport: 0.9674780926599882 (6618)
Talk-Show: 0.9925179571931884 (1210)
Thriller: 0.8487064721412991 (31126)
War: 0.9436261766935529 (8026)
Western: 0.9723257360779108 (7963)
