Action: 0.8805505136835428 (27414)
Adventure: 0.8876874548434278 (19633)
Biography: 0.8556328968932279 (14174)
Comedy: 0.8171180855375615 (80460)
Crime: 0.8887729747828079 (20496)
Drama: 0.757707015348829 (133760)
Family: 0.8984721659294764 (22241)
Fantasy: 0.9057430348740902 (16394)
History: 0.8737272454931538 (13258)
Horror: 0.914582268666185 (21226)
Music: 0.9006326325620738 (13813)
Musical: 0.950665233404409 (6357)
Mystery: 0.8974500854670732 (14990)
Romance: 0.8081413995453505 (31853)
Sci-Fi: 0.9307910550337463 (15392)
Sport: 0.9649179692318537 (6618)
Thriller: 0.8371508626006661 (31126)
War: 0.9430313496748727 (8026)
Western: 0.9679806862036759 (7963)
